26	94
26	93
26	92
26	91
26	90
26	89
26	88
26	87
26	86
26	85
26	84
26	83
26	82
26	81
26	80
26	78
26	76
26	74
26	72
26	70
26	68
26	66
26	64
26	62
26	60
26	58
26	56
26	54
26	52
26	50
26	49
26	48
26	47
26	46
26	45
26	44
26	43
26	42
26	41
26	40
26	39
26	38
26	37
26	36
26	35
26	34
26	33
26	32
26	30
26	28
26	26
26	24
26	22
26	20
26	18
26	16
26	14
26	12
26	10
26	8
25	8
24	8
23	8
22	8
20	8
18	8
16	8
14	8
12	8
10	8
8	8
8	9
8	10
8	11
8	12
8	13
8	14
8	15
8	16
8	17
8	18
8	19
8	20
8	21
8	22
8	23
8	24
8	25
8	26
8	28
8	30
8	32
8	34
8	36
8	38
8	40
8	42
8	44
8	46
8	48
8	50
9	50
10	50
11	50
12	50
13	50
14	50
16	50
18	50
20	50
22	50
24	50
26	50